,mass A,,
t,x,y,
0.000,-2.679E-2,1.310E-3
0.033,-2.757E-2,3.242E-3
0.067,-2.742E-2,2.889E-3
0.100,-2.850E-2,1.183E-3
0.133,-2.831E-2,1.244E-3
0.167,-2.878E-2,2.277E-3
0.200,-2.876E-2,2.660E-3
0.234,-2.882E-2,3.246E-3
0.267,-2.846E-2,3.399E-3
0.300,-2.780E-2,2.355E-3
0.334,-2.682E-2,1.337E-3
0.367,-2.752E-2,1.886E-3
0.400,-2.758E-2,1.991E-3
0.434,-2.797E-2,2.141E-3
0.467,-2.795E-2,1.827E-3
0.500,-2.725E-2,2.248E-3
0.534,-2.798E-2,1.267E-3
0.567,-3.233E-2,1.935E-3
0.600,-4.932E-2,1.753E-3
0.634,-7.159E-2,3.528E-3
0.667,-9.524E-2,3.850E-3
0.701,-0.126,5.229E-3
0.734,-0.159,3.158E-3
0.767,-0.198,5.710E-3
0.801,-0.242,5.470E-3
0.834,-0.289,5.162E-4
0.867,-0.342,-5.827E-4
0.901,-0.396,-2.559E-3
0.934,-0.452,-2.840E-3
0.967,-0.512,1.424E-4
1.001,-0.571,1.117E-3
1.034,-0.638,-2.083E-3
1.068,-0.705,-3.187E-3
1.101,-0.775,-3.515E-3
1.134,-0.845,-6.948E-3
1.168,-0.927,-8.785E-3
1.201,-1.001,-7.184E-3
1.234,-1.083,-1.349E-2
1.268,-1.158,-1.204E-2
1.301,-1.243,-1.507E-2
1.334,-1.325,-1.521E-2
1.368,-1.413,-1.789E-2
1.401,-1.497,-1.982E-2
1.434,-1.589,-2.038E-2
1.468,-1.676,-2.313E-2
1.501,-1.767,-2.525E-2
1.535,-1.857,-2.810E-2
1.568,-1.946,-3.104E-2
1.601,-2.040,-3.029E-2
1.635,-2.129,-3.475E-2
1.668,-2.233,-3.927E-2
1.701,-2.327,-3.836E-2
1.735,-2.423,-3.994E-2
1.768,-2.527,-4.412E-2
1.801,-2.623,-4.019E-2
1.835,-2.723,-4.468E-2
1.868,-2.826,-4.821E-2
1.902,-2.924,-5.021E-2
1.935,-3.031,-4.955E-2
1.968,-3.130,-5.321E-2
2.002,-3.233,-5.561E-2
2.035,-3.343,-5.828E-2
2.068,-3.443,-5.941E-2
2.102,-3.552,-5.944E-2
2.135,-3.659,-6.500E-2
2.168,-3.767,-6.332E-2
2.202,-3.872,-6.788E-2
2.235,-3.978,-6.991E-2
2.268,-4.089,-6.846E-2
2.302,-4.197,-6.934E-2
2.335,-4.310,-7.327E-2
2.369,-4.423,-7.582E-2
2.402,-4.529,-7.327E-2
2.435,-4.648,-7.595E-2
2.469,-4.761,-8.045E-2
2.502,-4.868,-8.063E-2
2.535,-4.981,-8.075E-2
2.569,-5.094,-8.543E-2
2.602,-5.205,-8.800E-2
2.635,-5.322,-8.474E-2
2.669,-5.436,-9.089E-2
2.702,-5.548,-9.312E-2
2.736,-5.663,-9.743E-2
2.769,-5.779,-9.596E-2
2.802,-5.895,-9.813E-2
2.836,-6.009,-0.102
2.869,-6.127,-0.103
2.902,-6.241,-0.105
2.936,-6.358,-0.109
2.969,-6.475,-0.109
3.002,-6.589,-0.111
3.036,-6.707,-0.115
3.069,-6.823,-0.118
3.102,-6.937,-0.117
3.136,-7.058,-0.119
3.169,-7.176,-0.122
3.203,-7.291,-0.122
3.236,-7.412,-0.121
3.269,-7.529,-0.124
3.303,-7.642,-0.127
3.336,-7.763,-0.130
3.369,-7.883,-0.129
3.403,-8.001,-0.136
3.436,-8.117,-0.138
3.469,-8.238,-0.139
3.503,-8.356,-0.137
3.536,-8.474,-0.141
3.570,-8.596,-0.140
3.603,-8.710,-0.143
3.636,-8.834,-0.145
3.670,-8.954,-0.145
3.703,-9.071,-0.146
3.736,-9.193,-0.146
3.770,-9.312,-0.150
3.803,-9.428,-0.150
3.836,-9.548,-0.153
3.870,-9.664,-0.152
3.903,-9.785,-0.154
3.936,-9.908,-0.156
3.970,-10.03,-0.156
4.003,-10.14,-0.158
4.037,-10.27,-0.163
4.070,-10.39,-0.161
4.103,-10.51,-0.163
4.137,-10.63,-0.165
4.170,-10.75,-0.166
4.203,-10.87,-0.167
4.237,-10.99,-0.167
4.270,-11.11,-0.168
4.303,-11.24,-0.173
4.337,-11.35,-0.171
4.370,-11.47,-0.175
4.404,-11.60,-0.175
4.437,-11.72,-0.173
4.470,-11.84,-0.177
4.504,-11.96,-0.180
4.537,-12.08,-0.179
4.570,-12.20,-0.181
4.604,-12.33,-0.182
4.637,-12.45,-0.184
4.670,-12.56,-0.185
4.704,-12.68,-0.185
4.737,-12.81,-0.188
4.770,-12.93,-0.189
4.804,-13.05,-0.189
4.837,-13.18,-0.191
4.871,-13.30,-0.193
4.904,-13.42,-0.192
4.937,-13.54,-0.193
4.971,-13.67,-0.194
5.004,-13.79,-0.195
5.037,-13.92,-0.195
5.071,-14.04,-0.196
5.104,-14.16,-0.199
5.137,-14.28,-0.198
5.171,-14.41,-0.199
5.204,-14.54,-0.202
5.238,-14.66,-0.203
5.271,-14.78,-0.204
5.304,-14.91,-0.205
5.338,-15.03,-0.206
5.371,-15.16,-0.206
5.404,-15.28,-0.206
5.438,-15.40,-0.209
5.471,-15.53,-0.210
5.504,-15.65,-0.209
5.538,-15.78,-0.208
5.571,-15.91,-0.212
5.604,-16.03,-0.210
5.638,-16.16,-0.212
5.671,-16.28,-0.215
5.705,-16.40,-0.216
5.738,-16.52,-0.210
5.771,-16.65,-0.211
5.805,-16.78,-0.214
5.838,-16.90,-0.214
5.871,-17.03,-0.213
5.905,-17.15,-0.213
5.938,-17.28,-0.212
5.971,-17.40,-0.212
6.005,-17.53,-0.210
6.038,-17.65,-0.212
6.072,-17.78,-0.213
6.105,-17.90,-0.210
6.138,-18.03,-0.210
6.172,-18.15,-0.210
6.205,-18.27,-0.211
6.238,-18.40,-0.207
6.272,-18.52,-0.209
6.305,-18.64,-0.207
6.338,-18.77,-0.203
6.372,-18.90,-0.203
6.405,-19.02,-0.201
6.439,-19.15,-0.202
6.472,-19.27,-0.198
6.505,-19.40,-0.198
6.539,-19.52,-0.198
6.572,-19.65,-0.195
6.605,-19.77,-0.197
6.639,-19.90,-0.196
6.672,-20.02,-0.196
6.705,-20.15,-0.191
6.739,-20.28,-0.190
6.772,-20.40,-0.189
6.805,-20.53,-0.185
6.839,-20.65,-0.183
6.872,-20.78,-0.181
6.906,-20.91,-0.178
6.939,-21.04,-0.179
6.972,-21.16,-0.174
7.006,-21.29,-0.173
